-280.075298907557
277.18455807986
274.371857745177
271.557865135485
268.765247564078
-266.86335579832
-263.813432972635
-260.482284332495
257.486484800937
-255.05229140233
251.206367390438
-248.646761037344
246.618393919736
-243.035818262008
241.638594184829
-237.881561614721
234.99220359012
-232.352843299939
-229.24478139724
-226.507988833735
224.527873140183
-221.204189398511
218.429703432562
214.884049516023
212.069197229986
-210.185183470625
207.834172807949
203.995572496698
-201.160161548369
-198.447362086878
-194.868848850686
-192.77868619951
-189.87278734773
-187.404412218997
184.265585371501
179.434585371128
178.131094472847
-175.929419324009
172.378286036972
169.690922369099
-167.764152528473
165.5721156238
-161.493109105435
158.640043916082
155.495201630671
153.702958368629
-149.4951325522
148.477705940426
144.639165418434
142.938138597944
138.964223501627
136.027011896223
-133.59875523196
-130.689726190985
127.774687458692
-125.460551188265
-122.08932927228
120.076770156682
117.639666890953
114.223856597791
111.317805740741
108.273701877293
106.756806243931
102.321262987265
-99.8433470072492
-95.7979498714328
94.0626390862867
-91.7078016612771
-88.4794462752233
85.1306805102241
81.291630037644
-79.6456161470816
77.8992385579855
-74.8280020589836
-71.6920296198661
69.3306056430297
-64.9705234214244
-63.2610832346407
62.0028438300191
-56.7937620418327
-53.9280850132589
51.6748678948864
-49.6278178428102
46.0287191724785
43.9708399754599
41.6784245703474
37.857777951581
37.0680828137476
32.671502070746
26.4964566165789
25.8029937932166
24.4896749179005
-20.3346296361601
17.7915165574625
16.0896917824506
-12.1722164298902
-9.00184281874399
4.9320834858895
3.70019916912635
-0.765684296687819
0.0817980055630958
-4.86502177237384
5.9384103410313
-9.92103066925648
-11.8620677166186
-16.3469955609136
-19.8118149357826
21.0121641879169
-23.0949988667362
-27.6213047172628
-29.8310912249985
32.9807223912034
-33.9031861183111
38.3857177653414
-41.4135019183195
-44.6054028529391
46.0984076908265
49.3022618889452
-51.7697787356579
-54.9418737851738
-57.7168276598075
-60.145447150842
64.4884059837931
-65.503229122821
-67.4123286792918
71.8959771321821
74.0288153618221
77.2777235237317
79.9579659997605
-81.4674587390679
85.9526897779648
-88.6431893131484
-91.4567051664787
-94.5938406995601
-97.3051058577814
99.8983748488649
102.71796988107
105.593904993811
-108.352513001613
-111.403637087315
-115.199576598998
116.735841507119
-119.652735412173
121.920450370838
-125.634103270277
-128.028737346859
-130.854626826017
133.530326242499
-135.7237797901
-139.165395848338
142.036042586564
144.92477470588
147.734671205495
150.547944214316
153.390099219246
156.165149761598
158.997962927218
-162.106015963561
-164.620696860565
167.43717412307
170.251268393852
173.067804809012
-176.084148964815
-178.689868575275
181.507534826783
-184.321608064985
187.135678391661
-189.949748743718
-192.763819095477
-195.577889447236
198.391959798995
-201.206030150754
204.020100502513
-206.834170854271
209.648241206124
212.462311550944
215.276382996193
218.091280879981
220.973633075451
-223.717448866243
226.53266139772
-229.346733657489
-232.160804020156
-234.974874376119
237.788944974911
240.603378627323
-243.486077599541
246.242474722872
249.045293847991
251.859296400276
-254.673366834122
-257.487437185931
-260.301507537688
-263.115577889447
265.929648241206
268.74371859291
-271.557788930233
-274.371859142967
-277.185011869931
279.993097891634
