0.2702702702702704
0.4054054054054055
0.5855855855855856
0.6006006006006006
0.7957957957957957
0.855855855855856
-3.43661971830986
3.2112676056337985
4.4507042253521085
0.5070422535211225
-0.6197183098591577
0.28169014084506827
0.3943661971830945
-0.6197183098591577
-0.6197183098591577
2.5352112676056304
3.0985915492957723
-0.056338028169015786
-0.6197183098591577
6.7042253521126725
7.6056338028168975
1.4084507042253502
0.6197183098591523
-1.1830985915492978
-2.0845070422535237
-0.5070422535211296
0.05633802816901223
4.901408450704221
6.0281690140845035
0.7323943661971803
-0.2816901408450736
-4.7887323943662
-5.802816901408452
-2.3098591549295797
-1.6338028169014098
-10.084507042253524
-10.760563380281688
-4.901408450704228
-4.112676056338028
0.16901408450704025
1.0704225352112644