279.924701092443
-280.001371568261
-280.000001522533
-279.999927403574
-279.979526790019
279.111921908021
279.340860011211
279.832092627687
-280.000838996645
279.655987008091
-280.587118819699
280.355643872753
-279.6581954546
280.331206484911
-279.111235911509
279.920739950381
-279.988091444748
279.839085797912
280.08151304917
280.022151810802
-279.353674488658
279.762743662295
-279.734505317092
-280.301845166854
-280.298137490189
279.598433385659
-279.256977515186
-280.01693933601
280.032688036851
279.959853233458
280.492053520078
279.989519607357
280.048104454176
279.81980627566
-280.036447899731
-281.339028411325
-280.360123317226
279.969350970889
-280.420700282913
-280.339825709493
279.802636150104
-279.441398038182
280.181672555727
-280.201378872726
-280.382659786872
-279.814844307088
280.571933619219
-279.611843511369
-280.144583878769
-279.578175492401
-280.162816204144
-280.221084595586
280.034002070769
280.077337457076
-280.120961928918
279.893639070055
280.140542131205
-279.794118417349
-279.641420982676
-279.899997097027
-279.932738810331
-280.025033958005
-279.535565447532
-280.141919751993
280.019385512535
280.442477074572
-280.077167302011
279.917138848555
280.050964646732
-280.21359563395
-280.503850734723
280.162104148255
-279.856453818302
279.933986302882
280.015334065
-279.901289515538
280.274167297652
280.012688342111
-279.676548940359
280.182971626199
280.178017223839
-280.076573100902
279.933191636363
-280.068269133306
-279.945789200073
-279.872807296988
-280.019887781409
-279.760353263024
-279.962678424566
-280.316332582118
-280.085227025006
-279.947426970992
280.05664050005
-280.033208217205
-279.966633384064
280.019737642521
280.02898616454
-280.046811426487
-280.009684801986
280.004501863811
-280.009029368162
-279.991127529571
280.028062159297
-279.995613448951
-280.035889027476
-279.94797261022
-279.902175307752
280.009536929189
-280.070358098801
-279.911128507852
-279.970842942901
279.926528762087
-280.159663473639
279.946765925589
-279.90994722191
-279.847522400938
280.054041745367
279.987970726496
-280.053443721731
-279.986861334416
-279.993944500716
-280.074490365352
279.736725167277
-280.155419916698
-280.375353685468
279.965790194988
280.145543606729
280.030197485186
280.070457563513
-280.455291732598
279.961875532661
-280.00000785395
-280.000196709191
-279.890935849016
-279.924801311907
280.000384004922
279.998342105794
279.975044517593
-279.995667853287
-279.901160222199
-279.500000429203
280.020955433241
-279.976641681466
280.21495691918
-279.816517387034
-280.005149569099
-279.999830263809
280.065327291281
-280.373630908763
-280.06572541187
280.037059010041
279.999925543417
280.0021408623
280.00256626537
279.987113171409
280.008725447745
279.998270929582
-279.828425679451
-280.001397409714
280.000006821371
279.999992376598
279.998440871574
-279.871181606564
-280.002264137631
280.000001800395
-279.999999984407
280.00000000019
-280
-280
-280
280
-280
280
-280
279.999999999926
280.000000005402
279.99999914263
279.999346214498
279.945471397258
-280.000902701196
280.000001513996
-280.000000008562
-279.999999999955
-279.999999996281
279.999999780649
279.999682657135
-279.939777041889
279.990119744528
279.999940889839
280.000000071696
-280.000000000043
-279.999999999999
-280
-280
280
280.000000000054
-280.000000014491
-280.000000153516
-280.00091777831
280.006902108366
