-0.326977010910586 
-0.674737680710261  
-0.723004904493848  
0.458665363577853  
0.365288739044826  
-0.264285386235416 
-0.362530801124279 
 0.129367323858508 
 0.321328115350798  
0.647636678610933 
0.342672996737734 
0.400653614391923  
0.0864820517776042  
-0.188260200630544  
-0.283005105059598 
-0.00648692683069119 
0.0494100184706051  
0.0186190314143015 
-0.0709054144703395 
0.106760424820002
0.0745519777398068  
0.0181595968926383 
0.0484053854788056 
0.020115858815782  
0.0415870020792934  
0.0698736724450666  
0.0351910718025152  
0.00308448557177198  
-0.00183053969971459  
-0.0167392765800875  
-0.0341511054820478  
0.016438560766571  
-0.0180625629019615  
0.00971484140739363  
0.00793520925494606  
0.270762381373368  
-0.26408669256894  
-0.0431285537216111  
-0.0515353158850429  
0.170409175756163  
0.116854407379073  
0.0116058772863906  
-0.0512596229764113  
-0.0454638254174024  
0.0520606958536858  
-0.0485412756194157  
-0.579319777083959  
-0.592318191446767  
0.0188179797243158  
0.0957541856788801  
-0.0405288431243875  
0.0786425191160152  
0.0787453087882341  
-0.0204379890147715  
0.0420703563407649  
-0.00160440379602601  
0.0151703439787494  
-0.047938364047504  
0.0377081638513907  
0.0637015273613372  
-0.0749623171660842  
-0.0288033356756339  
0.0864690554183287  
-0.0149563084153812  
-0.0387383645226866  
-0.021830237698226  
-0.0285782435039027
-0.0204476318708926  
-0.0200089517612268  
0.029442357056523  
-0.182599254946832  
-0.20805499842153  
-0.043237534970196  
-0.0215168385786828  
-0.0957233647493957  
-0.0981447459080295  
-0.0546001399811332  
-0.01169187645281  
-0.105635790166137  
-0.0619245347336192  
0.0584030981451508  
0.0194284330092297  
-0.0528761889137734  
0.102172851982537  
-0.174176405568236  
0.0947780758134549  
0.172279566872561  
-0.228158756268959  
0.0740278899755105  
-0.101788867572093 
0.344305113335978  
-0.175895389715337  
0.0734532866232017  
0.162089386549792  
-0.171446341063271  
-0.0545084219877091  
0.0565982978957668  
0.235777762786337  
-0.0426733819886978  
0.437992365412813  
0.344225485006401  
0.212664785328169  
0.327828066165382  
0.189277114717803  
-0.0378394213543071  
-0.050587887830993  
0.395876560146231  
0.591086552288135  
0.28218423715421  
-0.0427019773276237  
-0.195557259116475  
-0.191580378041936  
0.0319319400060676  
-0.0190895836102821  
-0.0482996720063029 
0.460986214022188  
0.344428137187246  
0.189334558991641  
0.0539122944670143  
0.179710345923032  
0.0299911609296305  
-0.229671086532188  
-0.338270794159674  
-0.717180922115197  
0.430303835416703  
-0.22603677166828  
0.105021874408862  
0.155753058093821  
-0.0886758995986093  
0.0584648041710369  
-0.387247288050845  
-0.350833021235481  
0.0396888657548917  
-0.0436164656456235  
0.890765409521758  
0.00468069955945287  
0.809406696781459  
0.64566858891389  
-0.351823339980047  
1.06041285588637  
-0.736661157636252  
-0.575849523935464  
-0.498008563915358  
-0.754595088013965  
-0.495711934559006  
0.456735064617091  
-0.202701173394428  
-0.302592586206786  
-0.20017880440216  
-0.58375591738905  
0.230571342303745  
-0.0728055011411239  
-0.372355108317857  
-0.737554936797612  
0.390862628270474  
0.0917626940207803  
-0.0373579052027019  
0.0173994196369439  
-0.478895185997724  
0.949092988197845  
-0.435714665493016  
-0.488163452547332  
0.670438650946116  
-0.391943089633502  
-0.719637672201851  
-0.101376387206166  
-0.0355216153923309  
-0.960339172201763  
0.461017092085629  
-0.612645969199958  
0.806060514368362  
0.350991947882491  
0.520528786662964  
-0.210937104792886  
-0.890098198631817  
0.481679988500989  
-0.281314244852367  
-0.606619065807861  
-1.03668483860857  
-0.0136929384223502  
-0.135299329642919  
-0.139032633869702  
0.432002973559438  
-0.403715173531232  
-0.194788490539709  
0.563151986958628  
-0.375127744276598  
0.506600322482142  
0.847578236415764  
-0.10988635330241  
-0.0580707480006217  
-0.431397951105901  
0.122545487232603  
0.757467859721583  
0.975922992414959  
-0.59153086298205  
0.515729351799874  
0.696357860928532  
0.245679866417802  

