0.0214546997724997
-0.596966899908986  
-0.407083498496846  
0.187641353421239  
-0.184412671441582  
0.18693000023725  
-0.0890581470044911  
0.733572941522209  
-1.00980657243506  
0.256045450686029  
0.390498418678446  
-0.718889514374587  
-0.989676023642703  
-0.356375077428994  
0.362837228195052  
0.504799642260844  
0.00130532426826857  
-0.0672407956484927  
-0.0302953536794374  
0.0588634570455005  
-0.0990577473222447  
-0.0831545579371925  
-0.0195415296238195  
-0.03550358929883  
-0.0190928438435413  
-0.0926315406135774  
-0.138051575195402  
-0.0576804802254726  
0.00246229716454895  
-0.00204517823653982  
0.0280092934226252  
0.0467032905915579  
-0.0670068262784994  
0.0901491918574859  
-0.0266850683973081  
-0.00492254913799817  
-0.257022373935674  
0.321654856435596  
0.109601589409807  
0.0854375633983062  
-0.191735911515465  
-0.169360830511971  
-0.0762161797566442  
-0.0018264700255183  
0.0093925995839279  
-0.0576844853699134  
0.0416309677379661  
-0.0547719941299977  
-0.0586083816895699  
-0.056486911793784  
0.069747887877183  
-0.122488650916286  
0.0654531501677631  
0.0584127027852234  
-0.0456003932847371  
-0.0453298406549327  
-0.0330193580232889  
-0.00312312000844864  
-0.0686209143614639  
0.0850142185275759  
-0.113462737320667  
0.12637747984086  
-0.157272913635962  
0.111334157982168  
-0.0566013580043924  
-0.0240099847595044  
0.202011904688427  
0.280259502462318  
0.131185657694256  
-0.0355249217365448  
-0.11553130280716  
0.21892430305806  
0.283056586089115  
0.14132734040808  
-0.0819787094685906  
0.157506291485041  
0.0732030455583  
0.110017411794272  
-0.246578646778083  
-0.183282641231168  
0.0532878804699874  
-0.206933230179827  
-0.353411965245371  
-0.225158273062063  
-0.068411696008909  
0.0862537297007142  
-0.0215238895051226  
-0.189549018287877  
0.198903886705135  
-0.0467085412657487  
-0.781673686772268  
0.908751118900745  
-0.100171577044971  
0.127568357876758 
 0.0255257483695337  
-0.00959881320948389  
-0.157254208957784  
0.140013414546775  
-0.292343241889463  
0.457339189887763  
0.660600668944631  
0.695403089605954  
0.0362928417995236  
0.270315549526297  
0.220759878173439  
-0.240367969351582  
0.27805503857191  
-0.574849216526608  
-0.557131271053802  
-0.153587273897331  
-0.179239038253873  
0.183264331892597  
-0.4480935541151  
-0.516332229557194  
0.0372858681225099  
0.0250079980740166  
-0.355044047713626  
-0.192522794951402  
-0.157678633639108  
-0.150414443166513 
-0.404637502040672  
0.712256240038519  
-0.381803157208503  
-0.899574238888963  
-1.23239079913884  
0.437458359883936  
0.64865758537269  
-1.09589068032977  
0.518912037984875  
-0.677335873577704  
-0.569162822688058  
-0.524554282778359  
-0.196312904965631  
0.268681879564927  
-0.745855350233499  
0.271833150389222  
0.72466890834633  
-0.134732006351555  
-0.711855925335349  
-0.661174675706378  
0.656988020349874  
-0.337068129119435  
-0.276019444348263  
0.389826566575442  
0.820454368861807  
0.381850781405186  
-0.123983161372903  
0.0950929312333002  
-0.435012812099919  
-0.819562483561053  
1.39731585440227  
-0.254842721187884  
0.745093711093693  
0.576095139672839  
-0.353807529606992  
0.620081233366476  
0.242402355340715  
-0.117933809651642  
0.767390120975797  
0.0378783614178493  
0.00282381258888292  
0.515021749586209  
0.0923626371446291  
0.0397820813481008  
0.105871259315568  
-0.529792280649273  
-0.455689523801519  
-0.802918970224821  
-0.928842355631669 
 0.500196311661874  
0.729593421618489 
 0.273078427271828  
0.563873524542064  
0.262099014907361  
-1.02048641059421  
-0.287662550981082  
-0.283908227160467  
0.221626844579012  
0.281845464388332  
0.619441010999474  
-0.449752700465322  
0.18805114755545  
0.00558273954272039 
 0.80222773003726  
0.0285922479044899  
0.610286574678113  
-1.05748115325276  
-0.425099500183131 
 0.892575486757923  
0.204723444371633  
-0.196940910057845  
-0.273618804664883  
-0.975844723895687 
 0.868615369571042  
-0.512772834137808 
 0.38362812128237  
-0.926274311194386  
0.926897112495532  
-0.728063436995991  
0.970033089546726  
0.0497177181396363