   0.6305603117675223E-04   0.6305603117675223E-04
   0.6305603329687600E-04   0.6305603329687600E-04
   0.8837295767731195E-04   0.8837295767731195E-04
   0.1122725530371549E-03   0.1122725530371549E-03
   0.1356424765141082E-03   0.1356424765141082E-03
   0.1591205629712560E-03   0.1591205629712560E-03
   0.1823353293979024E-03   0.1823353293979024E-03
   0.2047742127974885E-03   0.2047742127974885E-03
   0.2262413038376988E-03   0.2262413038376988E-03
   0.2466388930175225E-03   0.2466388930175225E-03
   0.2658737880676740E-03   0.2658737880676740E-03
   0.2839234905348591E-03   0.2839234905348591E-03
   0.3007752064683723E-03   0.3007752064683723E-03
   0.3164307690306541E-03   0.3164307690306541E-03
   0.3309009923067220E-03   0.3309009923067220E-03
   0.3442112659795234E-03   0.3442112659795234E-03
   0.3563931934870122E-03   0.3563931934870122E-03
   0.3674836106128887E-03   0.3674836106128887E-03
   0.3775198475233391E-03   0.3775198475233391E-03
   0.3865394726916280E-03   0.3865394726916280E-03
   0.3945794059068875E-03   0.3945794059068875E-03
   0.4016739648189948E-03   0.4016739648189948E-03
   0.4078555838772059E-03   0.4078555838772059E-03
   0.4131526987039410E-03   0.4131526987039410E-03
   0.4175912821254996E-03   0.4175912821254996E-03
   0.4211925902102388E-03   0.4211925902102388E-03
   0.4239751098589720E-03   0.4239751098589720E-03
   0.4259523326172795E-03   0.4259523326172795E-03
   0.4271348531211050E-03   0.4271348531211050E-03
   0.4275281749457887E-03   0.4275281749457887E-03
   0.4271348531934665E-03   0.4271348531934665E-03
   0.4259523327624080E-03   0.4259523327624080E-03
   0.4239751100779578E-03   0.4239751100779578E-03
   0.4211925905037496E-03   0.4211925905037496E-03
   0.4175912824929409E-03   0.4175912824929409E-03
   0.4131526991466789E-03   0.4131526991466789E-03
   0.4078555843973251E-03   0.4078555843973251E-03
   0.4016739654181644E-03   0.4016739654181644E-03
   0.3945794065858368E-03   0.3945794065858368E-03
   0.3865394734511939E-03   0.3865394734511939E-03
   0.3775198483636171E-03   0.3775198483636171E-03
   0.3674836115345432E-03   0.3674836115345432E-03
   0.3563931944899186E-03   0.3563931944899186E-03
   0.3442112670639139E-03   0.3442112670639139E-03
   0.3309009934719079E-03   0.3309009934719079E-03
   0.3164307702770018E-03   0.3164307702770018E-03
   0.3007752077955252E-03   0.3007752077955252E-03
   0.2839234919425812E-03   0.2839234919425812E-03
   0.2658737895548430E-03   0.2658737895548430E-03
   0.2466388945836101E-03   0.2466388945836101E-03
   0.2262413054806262E-03   0.2262413054806262E-03
   0.2047742145168104E-03   0.2047742145168104E-03
   0.1823353311909574E-03   0.1823353311909574E-03
   0.1591205648364284E-03   0.1591205648364284E-03
   0.1356424784472800E-03   0.1356424784472800E-03
   0.1122725550354506E-03   0.1122725550354506E-03
   0.8837295973761330E-04   0.8837295973761330E-04
  -0.4261159369818939E-02  -0.4261159369818939E-02
  -0.4138747591534424E-02  -0.4138747591534424E-02
  -0.4015643607394136E-02  -0.4015643607394136E-02
  -0.3890406722298251E-02  -0.3890406722298251E-02
  -0.3762087464113947E-02  -0.3762087464113947E-02
  -0.3631067704203592E-02  -0.3631067704203592E-02
  -0.3498079742678799E-02  -0.3498079742678799E-02
  -0.3363631564141712E-02  -0.3363631564141712E-02
  -0.3228226668129860E-02  -0.3228226668129860E-02
  -0.3092347885755030E-02  -0.3092347885755030E-02
  -0.2956401203690688E-02  -0.2956401203690688E-02
  -0.2820761714390798E-02  -0.2820761714390798E-02
  -0.2685759980995818E-02  -0.2685759980995818E-02
  -0.2551692253734852E-02  -0.2551692253734852E-02
  -0.2418805354895194E-02  -0.2418805354895194E-02
  -0.2287316507166465E-02  -0.2287316507166465E-02
  -0.2157404170315997E-02  -0.2157404170315997E-02
  -0.2029226853378239E-02  -0.2029226853378239E-02
  -0.1902913741892982E-02  -0.1902913741892982E-02
  -0.1778578992895452E-02  -0.1778578992895452E-02
  -0.1656315003054360E-02  -0.1656315003054360E-02
  -0.1536203410280671E-02  -0.1536203410280671E-02
  -0.1418309809232326E-02  -0.1418309809232326E-02
  -0.1302692149474075E-02  -0.1302692149474075E-02
  -0.1189396742770371E-02  -0.1189396742770371E-02
  -0.1078464553404231E-02  -0.1078464553404231E-02
  -0.9699282255535032E-03  -0.9699282255535032E-03
  -0.8638167404422599E-03  -0.8638167404422599E-03
  -0.7601533053229969E-03  -0.7601533053229969E-03
  -0.6589587362947781E-03  -0.6589587362947781E-03
  -0.5602500807429366E-03  -0.5602500807429366E-03
  -0.4640429868150424E-03  -0.4640429868150424E-03
  -0.3703509896519780E-03  -0.3703509896519780E-03
  -0.2791870573149443E-03  -0.2791870573149443E-03
  -0.1905635091653854E-03  -0.1905635091653854E-03
  -0.1044928704719703E-03  -0.1044928704719703E-03
  -0.2098842625574544E-04  -0.2098842625574544E-04
   0.5993552290775816E-04   0.5993552290775816E-04
   0.1382624475614266E-03   0.1382624475614266E-03
   0.2139738720182126E-03   0.2139738720182126E-03
   0.2870474870921660E-03   0.2870474870921660E-03
   0.3574578739300919E-03   0.3574578739300919E-03
   0.4251740912420743E-03   0.4251740912420743E-03
   0.4901607299075985E-03   0.4901607299075985E-03
   0.5523755605971706E-03   0.5523755605971706E-03
   0.6117706438720643E-03   0.6117706438720643E-03
   0.6682914892844999E-03   0.6682914892844999E-03
   0.7218778296222234E-03   0.7218778296222234E-03
   0.7724692454189764E-03   0.7724692454189764E-03
   0.8200026317436640E-03   0.8200026317436640E-03
